1.454500000000000000e+03 1.689500000000000000e+03 1.214000015258789062e+02
1.751500000000000000e+03 7.415000000000000000e+02 1.225999984741210938e+02
8.255000000000000000e+02 1.702500000000000000e+03 1.025999984741210938e+02
4.995000000000000000e+02 1.087500000000000000e+03 1.075999984741210938e+02
4.865000000000000000e+02 7.635000000000000000e+02 1.150000000000000000e+02
8.055000000000000000e+02 4.465000000000000000e+02 1.163000030517578125e+02
1.114500000000000000e+03 4.415000000000000000e+02 9.650000000000000000e+01
1.736500000000000000e+03 1.195000000000000000e+02 1.148000030517578125e+02
1.137500000000000000e+03 1.382500000000000000e+03 9.430000305175781250e+01
2.062500000000000000e+03 7.375000000000000000e+02 1.211999969482421875e+02
1.747500000000000000e+03 4.345000000000000000e+02 1.165000000000000000e+02
4.985000000000000000e+02 1.397500000000000000e+03 1.164000015258789062e+02
4.855000000000000000e+02 1.425000000000000000e+02 1.134000015258789062e+02
1.125500000000000000e+03 1.069500000000000000e+03 1.229000015258789062e+02
1.773500000000000000e+03 1.680500000000000000e+03 1.155999984741210938e+02
8.115000000000000000e+02 7.505000000000000000e+02 1.128000030517578125e+02
1.438500000000000000e+03 7.495000000000000000e+02 1.206999969482421875e+02
2.054500000000000000e+03 4.285000000000000000e+02 1.160000000000000000e+02
8.215000000000000000e+02 1.396500000000000000e+03 1.161999969482421875e+02
8.045000000000000000e+02 1.435000000000000000e+02 1.086999969482421875e+02
1.745000000000000000e+02 7.755000000000000000e+02 9.869999694824218750e+01
8.195000000000000000e+02 1.070500000000000000e+03 1.130999984741210938e+02
4.875000000000000000e+02 4.565000000000000000e+02 1.003000030517578125e+02
1.757500000000000000e+03 1.056500000000000000e+03 1.229000015258789062e+02
1.113500000000000000e+03 7.495000000000000000e+02 1.121999969482421875e+02
1.453500000000000000e+03 1.376500000000000000e+03 9.509999847412109375e+01
1.142500000000000000e+03 1.703500000000000000e+03 1.094000015258789062e+02
2.073500000000000000e+03 1.668500000000000000e+03 1.158000030517578125e+02
1.435500000000000000e+03 4.355000000000000000e+02 1.206999969482421875e+02
1.410500000000000000e+03 1.205000000000000000e+02 1.075000000000000000e+02
2.041500000000000000e+03 1.145000000000000000e+02 1.045000000000000000e+02
1.444500000000000000e+03 1.064500000000000000e+03 1.230000000000000000e+02
2.069500000000000000e+03 1.051500000000000000e+03 9.359999847412109375e+01
2.076500000000000000e+03 1.366500000000000000e+03 9.369999694824218750e+01
1.875000000000000000e+02 1.086500000000000000e+03 1.170000000000000000e+02
5.075000000000000000e+02 1.713500000000000000e+03 1.175000000000000000e+02
1.758500000000000000e+03 1.374500000000000000e+03 1.085999984741210938e+02
2.386500000000000000e+03 7.315000000000000000e+02 1.071999969482421875e+02
1.106500000000000000e+03 1.295000000000000000e+02 9.650000000000000000e+01
2.370500000000000000e+03 1.041500000000000000e+03 1.106999969482421875e+02
1.685000000000000000e+02 4.605000000000000000e+02 1.223000030517578125e+02
2.361500000000000000e+03 4.255000000000000000e+02 1.093000030517578125e+02
2.387500000000000000e+03 1.348500000000000000e+03 1.215999984741210938e+02
1.905000000000000000e+02 1.396500000000000000e+03 1.108000030517578125e+02
2.389500000000000000e+03 1.665500000000000000e+03 1.106999969482421875e+02
1.745000000000000000e+02 1.535000000000000000e+02 1.109000015258789062e+02
